·vocABULoRUM.

μιῖηιηη. 64,14. 110, ,ξμιΐται 32, 4.

4. 111, 1. μῖμιμιι 11, 9. -
fia& 26, 8. 60, 6. 86, fufium 10, 14.
11. caepionem· 110,4.
μίμῳ 26, 9. 86, 12. μμέσωῆω 2ο, 10.
μηκυηπν57, 14. μιμῦσαιπὸ,2. &6-
33116314, . mmm-wm- 94,3,
ματ-ἦρα 35,1. 44,4. 45, μαμμία-εκ 2,1. 33,11.
Ι’51141μῦ88818 7, 4·
μὸτκς 44,4, eamme 19,7, 10213· 38,
pastura· 48, 9. 12. 43,10. 82,14.

&2503‘482-23 εᾶμνπ12,7·3,,6 4,ῐ,

‘aa 28,1. 29, 2. 74, 1. 4,7. 5, 8. 25, 4. 32,
85,6. 110, 7. 111,.3 4. 47, 9. 88, 2.

μέν 17,2. 28,11. 65, ,ἅμα 15,13.18,14. 19,
4. 66,1. 83, 3. 85, 4. · 5. 2054· 23, 2. 29,

„2874- 33,316, 36,3,49,
,υέσ 39,4, 34,3,65,8 5, 88,6,196,3,1ιο,
84,1. 111, 6. 8. 111, 6.
emor 39, 3, 45, 6, 45,. munke ,9,4, 891, 93,7·,
10. μιμκτι καις 29,2
mydas 88, 8. patmum* 38,11.
,uffan 2, 15. mm& 17, 9. 83, 2.
puy-for 4, 7. μιμυπιιωπιπν 10,12.
W 8¹2 5· 85151 μ’μουμθθῑ 10616·
1⁹13& 85, 81Ψμθυῑξμῦμα 6, ¹·
μιν ¹12¹4· 14,4. 17, μψῦψω 849, 9·
2. 109,10. - ρυμυμὲνοις 9, 2.
,393 81 3 μιμ, «3,, 109 5
μηφὸν 14, 10. μιμῖνται 2, 4. 2, 12. 2,
’,111393Ὰὼ8 14· 6,1·9,5··9,6

μιμκδιι22 71 84 9819,1219,13.
8, 7. 1ο,11.11,11.μ.μοις 3, 3. 7, 11.
49, 6. 82, ιο. 87,7. μίμων 5, 5.
9319· -Μὶπίι 33171

S Μίτυος

 

