VOCABULORUM.

'out-&9³2 12,.12 30, mmmm· 23,,6.9314.
4· 324· 524· 92 τωπῶθ337·

9. 93,7. «ondam. 279 4516
συιταῐὲ5ομ4 57,1.5 616 685
mx» 56, 7. 7,.7 88,12. 93,12.
munla» 10,9. 63, 10. 111, 4.

mnae 1,1. 24,10. 63, πολλαὶ 28, 1. 40, 15. 85,

16. 93,14. 94,1. 108, 8.

6.111,15. ’ πολλαῖς· 14, 3. “
,σι-ἕο.. 30,2. 42, 5. 51, πσλέσίιιιι· 32,15. 5ο,5. 58,
m& 24,13. 28, 2. 32, πωλέω· 14, 5.

. 12. 41,2. 59,10. 84, vemt 107,1.

8. 88, 13. munim, 3. 60, 2. 84,

ποικιλία 84, 13. 8. 100,1.

ποιοὶ20,.8 πολλοῦ 67,.2 85,1 1.

m&- 3, 5. 4, 7. 88,2. 2.

mbas 20, 7. · πολλου 69,13.

«ὤμνυ 10,1. muz.- 12, 7.

magr? τοι 56, 9. πολλῷ 9, 12. 110, 5.

, πωκῦτιε 2 7. 5, 8. 18, 9. πολὺ 15,11. 21, 8. 34,

18, 11. 32,11. 7. 60, 7. 69, 1-3. 87,

σοι ἕως 12, 5, 32, 14. 41, 5. 100, 2. ,
7‘. 49,8. Πσιξλγωτσν 21, 4.

ποίοις 18, 15. 19, 7. 46, naam-m 7, 2. 21, 4.
2. Πολνῗῶκ 57, 7.

πᾶσι 31, 6. 85, 4. nomm 54, 1.

ποίῳ 30, ιι. σσλυμιςῦ 85, 4.

mgr 28, 7. 43, 15. «ου’λμυθυν 60, 5.

ποίων 1, 4. 93, 6. πονηρίᾳ. 105, ι.

σοιὸσιν 110,10. πονηρίαι 47, 11. 61,4·.

πᾶλιμον 84, 10. ‘80an' 39, 6.

φίλων ι4,3. «ἐσσι 111,12.

φίλως 73, 8. ’ dm 10, 7· .

,αὔου 73, 8. · πσωχὸς 102, 1:- 102, 4.”

Τ vacuato·

