1ND,Ex

λέγεται 15, 10.

ximat 15,7. 28,1t. 34,
11. 44, 10. 80, 6.

”ssfflssss'fl 41, 3·

>affl-am 1 6, 4.

λέγονΊα 76, 3. 98, 10.

λέγοντᾶξ 23² 7·

λίγονπς 19, 8.

λέγοντος 63, 2. 63, 3.

λέγουσι 103, 5.

λε’)αι 111, 2. &c.

λέγωμεν 1, 6. 17,11. 25,1.

λίγον 14, 2.

λεκτέον 38, 8.

amnuit 15, 9.

λεκτικὸν 15, 6. '

amatam 16, 1. ⁶

λέξει 21, 13. 55, 7. 77,
12. 81,14„ 86,10.
93, 1. 93, 11.

λίξης 21, 6.

λέξεως 15,1. 15, 4. 62, 2.

63, 5. 64, 1. 75, 7.

77,4. 93‚12. 101,7.
λέξιν 18, 12. 20, 2. 24,

5. 63, 5. 82,10. 86,
6. 98, 12.

’ λέξις 18,11. 19,11. 24,

5· 38, 1· 93, 3-
λυυεξογςφφῖισας 23, 2.
2:332? 7¹32..
λεχθέῆας 10, 4.
λοχθῖισιται 72, 6.
λῖψς 58, 13.
λίαν 84,11. 93,3. 107,6.

λεγοις 2,15. 50,6. 82,11.''

104, 6.

λόγον 14, 8. 18, 6. 63,3.

63, 4· 67, 9·

267& 46, 6. 57, 15. 64,

3. 67, 6. 67,7. 67,

11.

λέγω 16, 11. 62, 5. 65,

7. ¹ 66, z.

λεγοις 3, 4. 7, 7. 16, 10..

56, 8. 91, 8.
λὸῃίῖψ 50, 10.
λόγῳ 2, 7. 18, 2.
λόγων 23.5· 2422· 24‚4·'
λοιποῖς 61, 10.
λωπῦι··58, 8. 62, 1.
λοιτᾶἶν 24, 8.
Avyau'e' 35, 2. 58, 12.
λύω 44, 6. 62, 6. 95, 2·
adnm 60, 2.
λυπραῖς 10, 15·
λόωις 48, 7. 106, 1.
λύπαν 93, 5. 111, 13.
λόση 58, 10.
adog- 58,7. 58‚8. 532¹&

0, 2.

mint 97, 1.

M

Μέγης 9, 13.
,ωιζον 74, 4·

· 'unanime 10, 13.

μάθοι 101, 1.

 

