INDEX

φημὶ 66, 3. ’ φρόνιμος 104, 8.
φησὶ 63, 15. φύλακας 99, 1.
oengus& 37, 4. φάσεως 56, 5.
φθαρτικὸν 15, 16. φυσικαὶ 10, 10.
«mosum 59, 5. φύσιν 1, 6. 11,11. 13,3.
φίαω 71, 1. 14, 6. 27, 1. 28, 7.
· φίαλῐω 7,1, 2. 72, 1. 72, manaym 4, 6.

13. φόως 115, 5. 88, 1.ο.
othir-&portur 39, 5. 39, 7. φωναὶ 64, 5.

61, 3. para} 64, 3. 65, 4. 66, 2.
φιλίως 44, 2. 67, 6. 52, 7. ⁶424·
φιλία 35, 7. 44, 15. φωνῗεν 74,6. 75, 3.
φίλοι 42, 1. φωῖιενπ 73, 5.

,Qatnu-{nvp 80, 10. φωνῖιεντω 74, 9.
&tuomst-nee 85, 9. φων ὃν 64, 8. 65,1. 66,
maffia& 8, 1. 4.
- mando-ee 11, 4. φωήἷς 2, 6.
&Aomdum 30, 8,. φωνῶ 65, 5. 66, 5.

φίλων 43, ¹3·
φλόμ 72, 7. 72, 10.

φοεεὸςὶυ 39, 2. 42, 3. 43, κ.
φοεερὸν 33, 1. 38, 11. Χαίρειν 10, 14.
φόεον 36, 1. 39, 8. 62, Χωςῖιμω 4, 8. 88, 9.
7. χάρμη 11, 2.
φόεος 59, 10. χαίςκσι 1 1, 6.
0662 18, 4. 35, 1. 43, χαλεπαίνει 56, 6.
19. χαλκέας 101, 10.
Qun'm 54, 5. ,χάλκεον 102, 3.
Mysus& 59, 6. χαλκὶυ 76, 7.
Φόρμις 16, 7. · χαλινῖ, 60, 15. 7,01
φοςῖῐσ 5ο,1ο.χαςιζ6ώμα 9ο, 2.
popum· 106, 5. 108, 5. χειμαζόμῇυρ* 56, 6.
φειῆευ 43, 2. χε {fatum 56, 6.

wwaeodusspw 8 9 3· .
χαμαῦιιο·

 

